running 1000000 times
running time 6.58405 seconds
sqrt(0.5 + exp(1.5) * 2.5 - 3.5) / 4.5 --> 0.636511
dydx0 = 0.0387917, dydx1 = 0.434631, dydx2 = 0.173852, dydx3 = -0.0387917, dydx4 = -0.141447
dydx0x0 = -0.00236413, dydx0x1 = -0.0264882, dydx0x2 = -0.0105953, dydx0x3 = 0.00236413, dydx0x4 = -0.00862038
dydx1x1 = 0.137851, dydx1x2 = 0.0551403, dydx1x3 = 0.0264882, dydx1x4 = -0.0965846
dydx2x2 = -0.0474848, dydx2x3 = 0.0105953, dydx2x4 = -0.0386338
dydx3x3 = -0.00236413dydx3x4 = 0.00862038
dydx4x4 = 0.0628653
sqrt(0.500001 + exp(1.5) * 2.5 - 3.5) / 4.5 --> 0.636512
dydx0 = 0.0387917, dydx1 = 0.434631, dydx2 = 0.173852, dydx3 = -0.0387917, dydx4 = -0.141447
dydx0x0 = -0.00236412, dydx0x1 = -0.0264882, dydx0x2 = -0.0105953, dydx0x3 = 0.00236412, dydx0x4 = -0.00862036
dydx1x1 = 0.137851, dydx1x2 = 0.0551403, dydx1x3 = 0.0264882, dydx1x4 = -0.0965846
dydx2x2 = -0.0474848, dydx2x3 = 0.0105953, dydx2x4 = -0.0386338
dydx3x3 = -0.00236412dydx3x4 = 0.00862036
dydx4x4 = 0.0628653
sqrt(0.500002 + exp(1.5) * 2.5 - 3.5) / 4.5 --> 0.636512
dydx0 = 0.0387916, dydx1 = 0.434631, dydx2 = 0.173852, dydx3 = -0.0387916, dydx4 = -0.141447
dydx0x0 = -0.00236412, dydx0x1 = -0.0264881, dydx0x2 = -0.0105953, dydx0x3 = 0.00236412, dydx0x4 = -0.00862035
dydx1x1 = 0.137851, dydx1x2 = 0.0551404, dydx1x3 = 0.0264881, dydx1x4 = -0.0965846
dydx2x2 = -0.0474847, dydx2x3 = 0.0105953, dydx2x4 = -0.0386338
dydx3x3 = -0.00236412dydx3x4 = 0.00862035
dydx4x4 = 0.0628654
sqrt(0.500003 + exp(1.5) * 2.5 - 3.5) / 4.5 --> 0.636513
dydx0 = 0.0387916, dydx1 = 0.434631, dydx2 = 0.173852, dydx3 = -0.0387916, dydx4 = -0.141447
dydx0x0 = -0.00236411, dydx0x1 = -0.0264881, dydx0x2 = -0.0105952, dydx0x3 = 0.00236411, dydx0x4 = -0.00862034
dydx1x1 = 0.137851, dydx1x2 = 0.0551404, dydx1x3 = 0.0264881, dydx1x4 = -0.0965846
dydx2x2 = -0.0474847, dydx2x3 = 0.0105952, dydx2x4 = -0.0386338
dydx3x3 = -0.00236411dydx3x4 = 0.00862034
dydx4x4 = 0.0628654
final sqrt(1.5 + exp(2.5) * 3.5 - 4.5) / 5.5 --> 1.14471
sqrt running time 1.63742 seconds
simple test ...
simple running time 0.117614 seconds[sum = 371.959]
yv = 2 * sqrt(xv) where xv = 4 --> yv = 4
dydx = 0.5, dydxx = -0.0625
yw = 2 * xw where xw = 4 --> yw = 8
dydx = 2, dydxx = 0
